90
171
133
65
92
88
157
117
181
29
155
68
81
106
121
122
117
156
104
77
87
53
107
187
128
142
52
103
96
105
62
119
49
45
44
93
120
47
96
116
70
100
47
123
99
173
118
171
154
118
89
96
78
126
149
107
61
196
95
73
70
91
23
122
73
79
85
133
117
60
139
88
162
138
82
120
35
91
133
61
92
147
135
115
92
97
87
92
59
89
181
71
80
66
101
101
89
78
167
111
173
150
139
125
151
93
111
53
135
117
194
47
70
176
119
70
82
130
102
104
89
111
85
166
57
54
91
97
150
126
68
140
105
67
142
124
116
150
47
89
93
89
81
95
74
46
75
61
64
94
112
149
60
151
105
111
100
28
57
130
135
115
86
158
145
82
136
148
118
159
71
97
68
135
164
146
34
155
101
113
44
119
124
132
132
169
131
101
97
176
140
182
164
56
107
161
41
25
92
79
157
138
177
70
143
120
65
35
93
87
132
114
144
95
45
26
75
125
74
93
135
135
118
97
132
125
78
167
164
44
95
115
108
89
121
87
150
187
94
51
117
114
85
92
137
83
129
50
164
84
60
90
108
66
85
97
179
119
112
134
103
111
112
159
52
50
74
87
119
99
92
155
45
90
131
67
78
110
111
80
91
101
110
132
128
138
193
88
155
28
151
119
92
127
79
99
141
84
52
76
137
144
50
175
104
132
163
76
167
176
108
100
57
65
171
60
100
125
111
133
152
104
94
104
59
76
138
30
128
75
70
112
186
56
145
109
134
111
53
112
139
150
46
81
148
163
96
42
109
126
54
43
123
116
130
46
27
94
175
116
141
86
118
66
154
65
146
57
107
119
105
28
42
78
43
146
98
189
101
137
120
159
82
87
133
94
82
147
171
121
97
87
157
83
134
128
147
93
78
98
170
74
132
140
78
136
130
112
144
103
110
140
95
31
128
142
140
58
117
121
55
53
104
128
113
193
117
129
58
164
107
59
34
103
159
153
63
137
85
85
139
86
141
106
142
121
101
133
98
109
174
140
151
96
143
40
76
48
88
41
124
89
135
156
143
115
106
142
36
85
141
182
178
170
136
166
92
103
95
90
120
151
61
78
50
110
119
138
83
171
138
127
108
43
130
151
118
181
166
55
170
76
120
118
122
169
109
110
69
114
88
130
141
63
150
172
96
43
87
81
103
158
127
76
157
52
66
63
70
95
119
111
119
115
66
36
151
93
169
114
80
60
116
107
151
90
112
113
152
117
92
112
139
177
133
107
76
90
70
79
125
111
112
151
175
50
24
133
117
82
101
165
113
100
110
66
159
166
141
137
116
96
137
161
162
70
69
37
74
60
80
146
83
113
136
99
135
56
103
143
102
151
91
125
182
111
51
110
79
118
31
103
46
119
56
166
166
126
64
138
56
105
124
40
56
120
155
116
164
166
59
126
48
115
141
157
153
143
40
104
66
110
122
151
117
79
166
100
124
104
121
117
152
116
104
100
65
122
110
141
167
126
62
119
115
145
82
156
135
84
47
124
51
123
147
74
90
105
94
64
131
88
73
48
106
100
111
108
154
111
107
57
73
100
109
93
168
129
147
156
99
168
73
117
76
124
133
147
153
104
76
176
59
135
126
96
59
124
100
93
68
134
107
62
134
78
115
120
86
114
104
109
86
130
133
96
71
55
113
129
102
121
123
74
178
93
133
140
80
79
53
138
170
81
121
180
123
75
67
100
95
149
142
90
128
95
72
48
86
90
92
112
176
97
74
86
79
91
69
121
88
72
129
145
132
123
135
148
79
127
64
121
147
116
147
90
110
149
44
98
144
62
142
130
164
158
136
151
51
138
91
81
58
52
126
128
174
68
81
75
136
61
104
36
39
60
49
59
113
52
98
115
60
158
46
116
194
149
97
150
22
85
109
84
98
110
96
116
151
61
110
48
95
87
90
109
100
54
85
111
144
126
78
162
99
108
121
36
65
94
171
111
118
169
181
144
107
67
146
176
128
82
79
104
167
169
108
172
62
57
57
171
76
106
97
90
83
79
117
160
122
90
107
149
124
145
113
93
76
139
104
124
111
67
113
43
110
53
79
122
136
55
176
142
115
80
108
66
105
180
142
53
139
88
115
195
138
105
47
40
84
54
113
112
68
33
62
89
181
143
152
149
97
108
122
99
129
73
49
40
77
87
151
142
140
59
86
147
117
55
139
52
130
77
85
51
166
83
120
115
101
142
122
109
124
157
54
106
80
126
147
153
174
113
85
97
90
47
100
71
1347
1440
1243
930
1172
1246
1064
1113
1045
1229
1755
1456
1330
862
793
902
1727
1134
912
593
883
399
760
742
381
1304
965
1233
887
1266
1689
1687
1157
1417
905
1162
1233
871
1192
996
810
1078
711
675
1027
1099
1112
1089
1062
1717
677
719
885
1197
1056
1465
1628
1521
1333
393
1215
1608
812
798
1160
452
1786
1597
1695
1055
1293
851
372
1227
1877
552
1365
748
1395
888
552
952
1576
417
1304
968
1145
924
1704
615
1417
1310
1422
1586
690
370
922
740
972
1459
809
976
815
1006
1084
1101
1326
982
1440
1211
1053
1854
1237
1742
1337
382
640
1078
893
1325
605
868
864
879
1333
1003
1597
1294
1692
720
865
366
833
810
1212
1112
1188
1213
1193
348
1536
1756
1709
625
456
1433
750
1512
631
919
1295
1211
983
1088
1149
970
818
1610
1823
1414
654
1426
635
1171
919
1169
1675
743
769
836
866
1430
1127
1295
862
785
823
300
340
1585
1308
1151
953
1103
1034
1712
974
1515
1012
941
735
1129
1618
253
1494
1170
1302
846
1353
474
1200
814
600
1304
1732
1373
1686
591
1593
1019
775
1048
1503
784
1302
889
1328
951
1201
1329
1093
1229
1142
973
1178
1854
1097
715
1232
1519
966
1280
907
552
808
724
1036
1072
519
1134
948
1562
1742
547
817
309
1005
1059
1180
827
1019
492
1315
1330
1353
1212
1202
1033
913
292
1539
1070
1540
1322
794
1269
917
1077
1190
740
926
1427
1869
1640
1081
1827
462
950
961
410
1657
919
914
1861
1554
1475
1403
1650
815
741
1098
1772
677
1388
1207
790
1044
1003
1200
1582
1250
1598
1447
1253
1011
904
677
298
538
1126
1100
872
1164
1743
343
999
1898
1114
1698
935
1164
1022
1270
1737
1494
284
843
584
1441
1622
1698
1032
897
1577
1552
1002
1302
522
911
1827
433
780
825
1362
1407
869
1683
1493
1031
800
1673
815
496
1552
1289
1218
833
1307
823
665
802
1495
1229
921
564
1199
487
759
1429
1655
1274
1027
1898
1316
817
826
1364
820
913
1104
1208
1037
1510
659
1018
907
1003
1359
1329
1541
1745
884
1370
1601
1474
379
788
692
1391
498
751
1062
1368
1190
1126
759
1520
1769
1526
948
1057
888
888
421
1103
1294
1835
658
1380
312
643
843
828
1789
1463
1200
1097
524
1270
1650
1564
410
1149
1176
799
1335
1233
1004
1092
1758
989
1211
1324
1573
1268
1252
1204
1039
635
1236
554
1941
849
889
641
1663
944
976
893
1177
934
285
563
1100
1205
1223
1322
1108
897
1761
1157
1193
1198
573
734
1699
668
1418
1743
558
1240
771
1084
507
1572
1237
1049
1668
1197
1248
858
1109
524
1174
917
1330
791
825
1595
1024
1293
775
1419
1680
1008
696
1610
1895
1073
1617
1804
645
1201
990
1121
1039
1022
852
833
375
1530
1442
835
1429
1125
746
565
627
925
1345
1351
1231
1173
1209
614
858
1014
735
1500
1558
1272
766
1339
1478
1344
996
1290
831
539
318
1498
1723
820
865
991
1161
790
238
679
602
1128
1259
1277
1324
1683
972
1439
443
1193
667
1603
846
1229
1065
1124
1219
1105
637
332
1124
886
1554
833
608
1192
1285
366
1329
1781
1213
1890
852
1021
1763
1277
1347
1056
1519
841
810
1175
926
1794
1141
824
864
1282
1438
1177
1022
1457
761
1104
816
779
701
490
1089
381
475
1573
685
1300
1766
1058
629
691
1654
1143
1324
779
1954
1152
1200
590
846
1351
929
893
936
1633
1469
1259
1568
1246
1353
1146
1193
1044
626
1438
1120
576
1308
395
1526
1460
1326
1139
1060
1253
516
1462
768
1294
750
724
1584
1574
1046
1635
985
600
586
1192
1448
503
1290
566
1174
1557
690
1166
1192
1175
1237
1022
1107
964
1028
891
1337
796
887
902
660
1741
1542
1458
1252
1604
1116
1077
1238
887
1050
894
1602
1622
702
1106
1385
1266
1276
1175
1347
785
1045
849
1119
710
1228
1081
437
696
1075
1387
1461
921
610
832
1127
918
637
876
1006
931
248
1529
1030
741
1696
1667
1013
977
1405
1641
1370
1009
383
1478
991
1642
714
1071
980
1059
1559
512
742
794
906
625
1075
324
695
441
1083
1448
1063
1681
1882
1473
679
1014
804
500
1148
1264
294
1270
1258
1310
1690
1201
981
1013
1280
1328
712
955
929
1645
493
1393
599
1307
707
879
845
1729
988
1289
1319
540
1190
845
940
891
765
1543
393
1490
560
1054
1408
1079
1397
746
874
679
917
1033
1127
736
852
1104
620
522
1814
691
1354
1402
1160
1693
999
1285
765
1069
761
414
332
1644
604
1042
1001
600
1090
1442
1038
1637
1397
1607
1196
779
1392
1109
1189
1303
358
813
508
1153
815
539
715
488
793
613
1111
1248
693
616
737
545
701
774
1200
490
840
1562
1032
998
1649
1204
958
1631
1091
949
1037
889
1231
945
719
1112
815
879
669
1166
1256
949
806
1359
1280
1437
1155
708
1607
1257
1018
1441
1433
1286
1007
663
1489
541
637
813
798
326
1025
998
1487
908
982
838
1000
995
714
663
672
805
904
806
980
1067
1052
751
1394
827
1298
1359
579
1209
1298
1306
1195
776
1190
1110
408
894
303
868
1812
427
254
1161
776
801
1738
1451
1089
1246
1166
815
957
665
1449
902
801
1237
1475
1051
864
1092
1693
685
1447
1341
1563
924
1462
767
1014
1565
1039
1318
916
863
996
946
1040
871
1260
1195
1063
1017
1290
17368
17835
6359
13440
14285
9695
6680
10306
14583
13312
7179
3308
14452
8366
12994
11537
6111
4705
8225
10228
16329
9426
10863
16191
15713
9459
9065
8326
10392
6549
10644
17183
11658
6761
4232
7525
10593
9559
5918
13451
10797
7459
15607
9394
8282
11417
10645
9107
9438
9479
10719
10659
16703
15799
11812
2539
13095
19007
12258
9896
11840
6723
10883
9993
6527
8464
9835
17843
14508
14002
9385
3928
4265
9090
4233
9736
5789
16273
7451
7682
8213
10944
14093
14341
8130
11385
15299
12441
6160
13400
11013
7364
8631
8993
17245
8970
11542
17494
9835
3387
9954
10645
15224
11612
14004
6218
11941
7453
13287
2427
10476
7149
17575
6729
14394
14580
9890
11179
14334
8405
19325
8342
9220
4117
12278
7782
10821
8605
11228
18147
17680
13477
10513
12974
10487
2381
6324
14031
7803
11190
6560
6141
2527
11279
14595
15854
9331
6792
9596
15612
9130
8927
5935
7573
17340
11529
8191
17263
6152
8553
10705
8323
14183
9641
5623
9520
5692
11172
9072
12677
7278
14692
6184
11060
7829
16527
7345
13976
4532
12970
7689
3374
10288
18755
10010
10874
5155
7698
7365
7106
7999
10955
9119
6358
13405
9257
14958
8921
12548
6500
11209
12320
13684
13917
11114
12676
9749
14633
15396
12238
12759
7332
15550
10965
11036
9157
10566
13059
11609
10441
4627
17197
8888
8819
15474
11998
8350
15811
7899
8423
13563
9533
8974
8024
2287
6069
7490
3576
10538
6406
12083
5694
7431
7720
10474
13357
12270
9315
11495
11586
13975
9765
10537
9759
12260
10390
10981
17298
19557
14446
14436
10563
14641
9873
14523
2609
7425
10584
15865
6527
8754
8433
7855
3735
10009
17779
13164
7625
7288
13080
11968
11015
13323
12414
8087
12307
11161
13469
15750
3321
14387
5014
17781
9397
9313
14870
13901
11177
16351
14513
6243
4603
11987
9086
12590
11928
5506
7118
12196
12881
10487
11182
7971
11218
4053
11428
12901
8640
9050
9873
13258
15893
17536
11847
5390
12554
13938
9547
13917
12529
13244
17571
10667
16306
11177
11173
12623
16665
14133
5210
13407
8039
12178
12400
9197
8440
7279
9420
10262
9217
10430
13061
9746
12474
6644
8307
15487
15898
14491
10220
11379
11655
13907
9032
10675
10236
13790
6400
6707
8399
9455
8904
10709
16119
11182
8611
7928
8284
8120
8230
13589
9029
15871
12377
9121
15847
14484
14403
12961
6207
10613
9846
10844
6052
5865
13707
10377
9189
4206
13506
4001
12144
11495
11232
11172
10811
16056
14716
7058
7191
9178
9678
7415
9451
11759
14773
8356
10982
14701
8563
10049
9364
2455
5017
12131
5674
6590
9490
13754
11939
12458
6609
4697
7640
10081
14111
10839
10501
4913
8535
6820
16350
10021
9019
12802
4847
15542
7941
18442
16146
8646
12788
8658
16549
10167
13173
4230
6772
8895
8568
13838
16102
6909
10747
9271
14766
8615
13695
4457
9843
10905
14207
6780
16362
9583
10076
12914
10836
7860
11977
16022
6825
7641
9220
12267
4548
15150
15412
15869
7204
9599
6422
7473
9655
10123
7774
11181
11254
14615
4399
11879
7707
14616
14969
7979
13124
5486
8601
16417
14919
5805
12504
12424
9018
10814
4831
9571
11579
12303
10563
9271
11366
4447
11943
11271
5290
7856
5583
15891
18288
10551
5703
5384
14982
11105
6768
7178
8469
7570
11964
12611
8920
16976
7341
7532
7477
8521
12819
9738
16109
10765
12270
8564
8109
13538
3436
7623
7382
13652
9934
15306
13344
5094
18343
9646
6447
11006
14359
3998
9184
13784
10744
8825
10370
9515
14074
13637
15075
13705
12796
11334
7800
6625
8290
10896
15547
12618
6905
8049
4951
10811
7941
11110
7197
13466
13241
11580
9855
13021
3833
9306
16008
11814
12815
11073
11807
16575
11675
13288
13438
7288
6881
8956
9213
12176
9649
8513
7081
19115
18955
9969
7943
8747
13929
6707
13620
7301
7741
11141
8332
16746
12427
6382
9681
13148
6756
14666
3338
16450
7507
15501
6598
9614
10782
14662
19149
10851
11627
12498
8833
7624
10375
12459
10427
15598
6940
13272
8723
7389
11604
15825
4711
11628
13534
9889
9033
8760
14635
15313
12682
14280
13665
15637
9057
6440
15655
11012
8047
6960
11673
5878
14794
7563
8373
16250
5739
11932
12870
7502
13589
10768
6930
14993
7496
6207
5832
13033
10842
3105
16053
14206
13798
16335
13762
5511
8104
9806
9095
11358
10874
16201
17810
11585
14688
11999
8884
4511
12221
7412
12633
8379
6390
10979
7851
16677
14055
8440
15053
7657
17734
9288
16074
8512
16150
5419
6152
11693
7978
9399
6580
12412
5265
11304
15407
16051
17076
10415
8453
10405
13446
6990
10397
16816
8826
10615
10538
11474
10622
5394
18544
5615
15757
15104
12399
9371
11930
9456
12395
12125
15330
17604
14913
5497
14177
11436
8340
7244
12018
7950
12028
12723
12795
12905
5964
7438
12830
8789
17780
6423
6245
5223
12668
16742
8776
9275
12445
16535
13132
11422
16154
11238
10805
7783
8112
4157
9648
10004
13267
10985
10015
9341
11348
11255
7090
13671
8307
8719
10795
18042
6723
12694
11031
14639
6701
6356
10590
6082
9333
14311
13914
5819
12070
15926
14148
13983
4708
10714
13498
17948
9274
15726
6545
7948
15654
15809
15280
6450
13959
7152
8941
7900
15447
8802
9560
8987
10809
9692
9818
10734
16027
11598
4835
11013
3424
12971
12062
4595
9587
17067
11245
6433
13006
8461
4176
18263
11854
11939
4914
3937
10069
11006
15957
5938
6908
12245
7649
4403
14143
16590
6260
11481
17628
12228
10937
7047
16075
8548
11720
8709
12660
9712
4059
9847
15728
7315
13181
9670
10403
13415
12269
13374
6505
16562
13870
5337
18751
6528
9269
13073
11279
15788
2863
10753
15152
10250
6636
6705
17661
11539
9453
14451
5662
15960
9221
15032
12678
15384
7123
9357
6212
8762
13790
12100
16855
16469
15153
14854
15208
12159
11910
6655
15990
11540
13031
10717
14979
5033
11403
13068
10015
9996
4315
16387
14555
10602
7766
5663
7010
7911
13047
11502
10303
9747
8700
11419
11219
16020
16784
15542
11019
17218
9298
7471
15775
9640
5469
11566
13458
9402
13614
15019
12003
6606
12027
11841
9129
9213
3671
18150
12586
